432 0 1.000001856 1.002001728 0 0
537 0 1.002004712 1.004004456 0 0
443 0 1.504006128 1.506006 0 0
536 0 1.506007832 1.508007576 0 0
444 0 2.008009248 2.01000912 0 0
537 1 2.010010952 2.012010696 0 0
442 0 2.512012368 2.51401224 0 0
529 0 2.514014072 2.516013816 0 0
442 1 3.016015488 3.01801536 0 0
530 0 3.018017192 3.020016936 0 0
443 1 3.520018608 3.52201848 0 0
529 1 3.522020312 3.524020056 0 0
435 0 4.024021728 4.0260216 0 0
535 0 4.026023432 4.028023176 0 0
442 2 4.528024848 4.53002472 0 0
535 1 4.530026552 4.532026296 0 0
438 0 5.032027968 5.03402784 0 0
540 0 5.034029672 5.036029416 0 0
437 0 5.536031088 5.53803096 0 0
537 2 5.538032792 5.540032536 0 0
445 0 6.040034208 6.04203408 0 0
530 1 6.042035912 6.044035656 0 0
434 0 6.544037328 6.5460372 0 0
542 0 6.546039032 6.548038776 0 0
440 0 7.048040448 7.05004032 0 0
537 3 7.050042152 7.052041896 0 0
437 1 7.552043568 7.55404344 0 0
529 2 7.554045272 7.556045016 0 0
444 1 8.056046688 8.05804656 0 0
534 0 8.058048392 8.060048136 0 0
432 1 8.560049808 8.56204968 0 0
535 2 8.562051512 8.564051256 0 0
434 1 9.064052928 9.0660528 0 0
537 4 9.066054632 9.068054376 0 0
436 0 9.568056048 9.57005592 0 0
540 1 9.570057752 9.572057496 0 0
436 1 10.072059168 10.07405904 0 0
534 1 10.074060872 10.076060616 0 0
439 0 10.576062288 10.57806216 0 0
536 1 10.578063992 10.580063736 0 0
445 1 11.080065408 11.08206528 0 0
531 0 11.082067112 11.084066856 0 0
442 3 11.584068528 11.5860684 0 0
529 3 11.586070232 11.588069976 0 0
444 2 12.088071648 12.09007152 0 0
533 0 12.090073352 12.092073096 0 0
442 4 12.592074768 12.59407464 0 0
531 1 12.594076472 12.596076216 0 0
435 1 13.096077888 13.09807776 0 0
528 0 13.098079592 13.100079336 0 0
445 2 13.600081008 13.60208088 0 0
529 4 13.602082712 13.604082456 0 0
435 2 14.104084128 14.106084 0 0
528 1 14.106085832 14.108085576 0 0
432 2 14.608087248 14.61008712 0 0
540 2 14.610088952 14.612088696 0 0
443 2 15.112090368 15.11409024 0 0
534 2 15.114092072 15.116091816 0 0
431 0 15.616093488 15.61809336 0 0
536 2 15.618095192 15.620094936 0 0
445 3 16.120096608 16.12209648 0 0
528 2 16.122098312 16.124098056 0 0
432 3 16.624099728 16.6260996 0 0
528 3 16.626101432 16.628101176 0 0
443 3 17.128102848 17.13010272 0 0
534 3 17.130104552 17.132104296 0 0
445 4 17.632105968 17.63410584 0 0
528 4 17.634107672 17.636107416 0 0
445 5 18.136109088 18.13810896 0 0
534 4 18.138110792 18.140110536 0 0
441 0 18.640112208 18.64211208 0 0
539 0 18.642113912 18.644113656 0 0
442 5 19.144115328 19.1461152 0 0
533 1 19.146117032 19.148116776 0 0
446 0 19.648118448 19.65011832 0 0
535 3 19.650120152 19.652119896 0 0
443 4 20.152121568 20.15412144 0 0
537 5 20.154123272 20.156123016 0 0
443 5 20.656124688 20.65812456 0 0
527 0 20.658126392 20.660126136 0 0
442 6 21.160127808 21.16212768 0 0
538 0 21.162129512 21.164129256 0 0
433 0 21.664130928 21.6661308 0 0
542 1 21.666132632 21.668132376 0 0
443 6 22.168134048 22.17013392 0 0
531 2 22.170135752 22.172135496 0 0
443 7 22.672137168 22.67413704 0 0
535 4 22.674138872 22.676138616 0 0
442 7 23.176140288 23.17814016 0 0
539 1 23.178141992 23.180141736 0 0
433 1 23.680143408 23.68214328 0 0
537 6 23.682145112 23.684144856 0 0
445 6 24.184146528 24.1861464 0 0
530 2 24.186148232 24.188147976 0 0
442 8 24.688149648 24.69014952 0 0
537 7 24.690151352 24.692151096 0 0
441 1 25.192152768 25.19415264 0 0
537 8 25.194154472 25.196154216 0 0
442 9 25.696155888 25.69815576 0 0
536 3 25.698157592 25.700157336 0 0
432 4 26.200159008 26.20215888 0 0
533 2 26.202160712 26.204160456 0 0
436 2 26.704162128 26.706162 0 0
539 2 26.706163832 26.708163576 0 0
443 8 27.208165248 27.21016512 0 0
531 3 27.210166952 27.212166696 0 0
436 3 27.712168368 27.71416824 0 0
535 5 27.714170072 27.716169816 0 0
445 7 28.216171488 28.21817136 0 0
528 5 28.218173192 28.220172936 0 0
440 1 28.720174608 28.72217448 0 0
536 4 28.722176312 28.724176056 0 0
443 9 29.224177728 29.2261776 0 0
538 1 29.226179432 29.228179176 0 0
439 1 29.728180848 29.73018072 0 0
536 5 29.730182552 29.732182296 0 0
446 1 30.232183968 30.23418384 0 0
532 0 30.234185672 30.236185416 0 0
432 5 30.736187088 30.73818696 0 0
538 2 30.738188792 30.740188536 0 0
432 6 31.240190208 31.24219008 0 0
530 3 31.242191912 31.244191656 0 0
436 4 31.744193328 31.7461932 0 0
542 2 31.746195032 31.748194776 0 0
438 1 32.248196448 32.25019632 0 0
527 1 32.250198152 32.252197896 0 0
440 2 32.752199568 32.75419944 0 0
528 6 32.754201272 32.756201016 0 0
441 2 33.256202688 33.25820256 0 0
532 1 33.258204392 33.260204136 0 0
441 3 33.760205808 33.76220568 0 0
538 3 33.762207512 33.764207256 0 0
442 10 34.264208928 34.2662088 0 0
527 2 34.266210632 34.268210376 0 0
439 2 34.768212048 34.77021192 0 0
534 5 34.770213752 34.772213496 0 0
435 3 35.272215168 35.27421504 0 0
540 3 35.274216872 35.276216616 0 0
446 2 35.776218288 35.77821816 0 0
530 4 35.778219992 35.780219736 0 0
445 8 36.280221408 36.28222128 0 0
535 6 36.282223112 36.284222856 0 0
443 10 36.784224528 36.7862244 0 0
538 4 36.786226232 36.788225976 0 0
435 4 37.288227648 37.29022752 0 0
532 2 37.290229352 37.292229096 0 0
435 5 37.792230768 37.79423064 0 0
530 5 37.794232472 37.796232216 0 0
441 4 38.296233888 38.29823376 0 0
532 3 38.298235592 38.300235336 0 0
445 9 38.800237008 38.80223688 0 0
538 5 38.802238712 38.804238456 0 0
440 3 39.304240128 39.30624 0 0
530 6 39.306241832 39.308241576 0 0
442 11 39.808243248 39.81024312 0 0
527 3 39.810244952 39.812244696 0 0
435 6 40.312246368 40.31424624 0 0
531 4 40.314248072 40.316247816 0 0
432 7 40.816249488 40.81824936 0 0
541 0 40.818251192 40.820250936 0 0
440 4 41.320252608 41.32225248 0 0
539 3 41.322254312 41.324254056 0 0
441 5 41.824255728 41.8262556 0 0
531 5 41.826257432 41.828257176 0 0
443 11 42.328258848 42.33025872 0 0
529 5 42.330260552 42.332260296 0 0
442 12 42.832261968 42.83426184 0 0
527 4 42.834263672 42.836263416 0 0
446 3 43.336265088 43.33826496 0 0
538 6 43.338266792 43.340266536 0 0
434 2 43.840268208 43.84226808 0 0
540 4 43.842269912 43.844269656 0 0
434 3 44.344271328 44.3462712 0 0
527 5 44.346273032 44.348272776 0 0
439 3 44.848274448 44.85027432 0 0
534 6 44.850276152 44.852275896 0 0
436 5 45.352277568 45.35427744 0 0
539 4 45.354279272 45.356279016 0 0
442 13 45.856280688 45.85828056 0 0
542 3 45.858282392 45.860282136 0 0
433 2 46.360283808 46.36228368 0 0
536 6 46.362285512 46.364285256 0 0
441 6 46.864286928 46.8662868 0 0
538 7 46.866288632 46.868288376 0 0
444 3 47.368290048 47.37028992 0 0
532 4 47.370291752 47.372291496 0 0
442 14 47.872293168 47.87429304 0 0
528 7 47.874294872 47.876294616 0 0
441 7 48.376296288 48.37829616 0 0
539 5 48.378297992 48.380297736 0 0
446 4 48.880299408 48.88229928 0 0
530 7 48.882301112 48.884300856 0 0
439 4 49.384302528 49.3863024 0 0
536 7 49.386304232 49.388303976 0 0
439 5 49.888305648 49.89030552 0 0
531 6 49.890307352 49.892307096 0 0
442 15 50.392308768 50.39430864 0 0
530 8 50.394310472 50.396310216 0 0
436 6 50.896311888 50.89831176 0 0
537 9 50.898313592 50.900313336 0 0
445 10 51.400315008 51.40231488 0 0
535 7 51.402316712 51.404316456 0 0
439 6 51.904318128 51.906318 0 0
529 6 51.906319832 51.908319576 0 0
439 7 52.408321248 52.41032112 0 0
527 6 52.410322952 52.412322696 0 0
440 5 52.912324368 52.91432424 0 0
540 5 52.914326072 52.916325816 0 0
444 4 53.416327488 53.41832736 0 0
531 7 53.418329192 53.420328936 0 0
443 12 53.920330608 53.92233048 0 0
542 4 53.922332312 53.924332056 0 0
445 11 54.424333728 54.4263336 0 0
534 7 54.426335432 54.428335176 0 0
441 8 54.928336848 54.93033672 0 0
538 8 54.930338552 54.932338296 0 0
443 13 55.432339968 55.43433984 0 0
532 5 55.434341672 55.436341416 0 0
443 14 55.936343088 55.93834296 0 0
533 3 55.938344792 55.940344536 0 0
432 8 56.440346208 56.44234608 0 0
538 9 56.442347912 56.444347656 0 0
441 9 56.944349328 56.9463492 0 0
537 10 56.946351032 56.948350776 0 0
436 7 57.448352448 57.45035232 0 0
529 7 57.450354152 57.452353896 0 0
445 12 57.952355568 57.95435544 0 0
527 7 57.954357272 57.956357016 0 0
436 8 58.456358688 58.45835856 0 0
530 9 58.458360392 58.460360136 0 0
442 16 58.960361808 58.96236168 0 0
531 8 58.962363512 58.964363256 0 0
443 15 59.464364928 59.4663648 0 0
530 10 59.466366632 59.468366376 0 0
437 2 59.968368048 59.97036792 0 0
531 9 59.970369752 59.972369496 0 0
434 4 60.472371168 60.47437104 0 0
542 5 60.474372872 60.476372616 0 0
433 3 60.976374288 60.97837416 0 0
527 8 60.978375992 60.980375736 0 0
435 7 61.480377408 61.48237728 0 0
541 1 61.482379112 61.484378856 0 0
446 5 61.984380528 61.9863804 0 0
529 8 61.986382232 61.988381976 0 0
436 9 62.488383648 62.49038352 0 0
536 8 62.490385352 62.492385096 0 0
444 5 62.992386768 62.99438664 0 0
529 9 62.994388472 62.996388216 0 0
445 13 63.496389888 63.49838976 0 0
536 9 63.498391592 63.500391336 0 0
439 8 64.000393008 64.00239288 0 0
527 9 64.002394712 64.004394456 0 0
435 8 64.504396128 64.506396 0 0
529 10 64.506397832 64.508397576 0 0
441 10 65.008399248 65.01039912 0 0
536 10 65.010400952 65.012400696 0 0
435 9 65.512402368 65.51440224 0 0
535 8 65.514404072 65.516403816 0 0
441 11 66.016405488 66.01840536 0 0
537 11 66.018407192 66.020406936 0 0
443 16 66.520408608 66.52240848 0 0
532 6 66.522410312 66.524410056 0 0
445 14 67.024411728 67.0264116 0 0
535 9 67.026413432 67.028413176 0 0
439 9 67.528414848 67.53041472 0 0
531 10 67.530416552 67.532416296 0 0
443 17 68.032417968 68.03441784 0 0
538 10 68.034419672 68.036419416 0 0
434 5 68.536421088 68.53842096 0 0
541 2 68.538422792 68.540422536 0 0
443 18 69.040424208 69.04242408 0 0
534 8 69.042425912 69.044425656 0 0
444 6 69.544427328 69.5464272 0 0
538 11 69.546429032 69.548428776 0 0
440 6 70.048430448 70.05043032 0 0
529 11 70.050432152 70.052431896 0 0
436 10 70.552433568 70.55443344 0 0
533 4 70.554435272 70.556435016 0 0
435 10 71.056436688 71.05843656 0 0
530 11 71.058438392 71.060438136 0 0
446 6 71.560439808 71.56243968 0 0
540 6 71.562441512 71.564441256 0 0
434 6 72.064442928 72.0664428 0 0
531 11 72.066444632 72.068444376 0 0
446 7 72.568446048 72.57044592 0 0
540 7 72.570447752 72.572447496 0 0
444 7 73.072449168 73.07444904 0 0
531 12 73.074450872 73.076450616 0 0
437 3 73.576452288 73.57845216 0 0
534 9 73.578453992 73.580453736 0 0
445 15 74.080455408 74.08245528 0 0
529 12 74.082457112 74.084456856 0 0
443 19 74.584458528 74.5864584 0 0
539 6 74.586460232 74.588459976 0 0
441 12 75.088461648 75.09046152 0 0
531 13 75.090463352 75.092463096 0 0
431 1 75.592464768 75.59446464 0 0
533 5 75.594466472 75.596466216 0 0
431 2 76.096467888 76.09846776 0 0
530 12 76.098469592 76.100469336 0 0
436 11 76.600471008 76.60247088 0 0
539 7 76.602472712 76.604472456 0 0
442 17 77.104474128 77.106474 0 0
529 13 77.106475832 77.108475576 0 0
438 2 77.608477248 77.61047712 0 0
531 14 77.610478952 77.612478696 0 0
435 11 78.112480368 78.11448024 0 0
539 8 78.114482072 78.116481816 0 0
442 18 78.616483488 78.61848336 0 0
536 11 78.618485192 78.620484936 0 0
431 3 79.120486608 79.12248648 0 0
537 12 79.122488312 79.124488056 0 0
437 4 79.624489728 79.6264896 0 0
530 13 79.626491432 79.628491176 0 0
445 16 80.128492848 80.13049272 0 0
532 7 80.130494552 80.132494296 0 0
432 9 80.632495968 80.63449584 0 0
539 9 80.634497672 80.636497416 0 0
440 7 81.136499088 81.13849896 0 0
534 10 81.138500792 81.140500536 0 0
434 7 81.640502208 81.64250208 0 0
534 11 81.642503912 81.644503656 0 0
440 8 82.144505328 82.1465052 0 0
527 10 82.146507032 82.148506776 0 0
434 8 82.648508448 82.65050832 0 0
530 14 82.650510152 82.652509896 0 0
435 12 83.152511568 83.15451144 0 0
530 15 83.154513272 83.156513016 0 0
440 9 83.656514688 83.65851456 0 0
531 15 83.658516392 83.660516136 0 0
438 3 84.160517808 84.16251768 0 0
541 3 84.162519512 84.164519256 0 0
431 4 84.664520928 84.6665208 0 0
529 14 84.666522632 84.668522376 0 0
431 5 85.168524048 85.17052392 0 0
535 10 85.170525752 85.172525496 0 0
437 5 85.672527168 85.67452704 0 0
532 8 85.674528872 85.676528616 0 0
435 13 86.176530288 86.17853016 0 0
528 8 86.178531992 86.180531736 0 0
445 17 86.680533408 86.68253328 0 0
531 16 86.682535112 86.684534856 0 0
443 20 87.184536528 87.1865364 0 0
531 17 87.186538232 87.188537976 0 0
439 10 87.688539648 87.69053952 0 0
537 13 87.690541352 87.692541096 0 0
440 10 88.192542768 88.19454264 0 0
536 12 88.194544344 88.196544216 0 0
437 6 88.696546016 88.69854576 0 0
530 16 88.698547464 88.700547336 0 0
431 6 89.200549136 89.20254888 0 0
537 14 89.202550584 89.204550456 0 0
441 13 89.704552256 89.706552 0 0
536 13 89.706553704 89.708553576 0 0
441 14 90.208555376 90.21055512 0 0
541 4 90.210556824 90.212556696 0 0
443 21 90.712558496 90.71455824 0 0
541 5 90.714559944 90.716559816 0 0
432 10 91.216561616 91.21856136 0 0
532 9 91.218563064 91.220562936 0 0
434 9 91.720564736 91.72256448 0 0
535 11 91.722566184 91.724566056 0 0
435 14 92.224567856 92.2265676 0 0
530 17 92.226569304 92.228569176 0 0
441 15 92.728570976 92.73057072 0 0
531 18 92.730572424 92.732572296 0 0
442 19 93.232574096 93.23457384 0 0
528 9 93.234575544 93.236575416 0 0
440 11 93.736577216 93.73857696 0 0
527 11 93.738578664 93.740578536 0 0
433 4 94.240580336 94.24258008 0 0
534 12 94.242581784 94.244581656 0 0
435 15 94.744583456 94.7465832 0 0
541 6 94.746584904 94.748584776 0 0
442 20 95.248586576 95.25058632 0 0
539 10 95.250588024 95.252587896 0 0
440 12 95.752589696 95.75458944 0 0
532 10 95.754591144 95.756591016 0 0
436 12 96.256592816 96.25859256 0 0
542 6 96.258594264 96.260594136 0 0
439 11 96.760595936 96.76259568 0 0
532 11 96.762597384 96.764597256 0 0
440 13 97.264599056 97.2665988 0 0
529 15 97.266600504 97.268600376 0 0
445 18 97.768602176 97.77060192 0 0
530 18 97.770603624 97.772603496 0 0
431 7 98.272605296 98.27460504 0 0
537 15 98.274606744 98.276606616 0 0
433 5 98.776608416 98.77860816 0 0
529 16 98.778609864 98.780609736 0 0
431 8 99.280611536 99.28261128 0 0
532 12 99.282612984 99.284612856 0 0
441 16 99.784614656 99.7866144 0 0
531 19 99.786616104 99.788615976 0 0
